17 17 58
0 1 81
 1  1 17 17  1  1
 2  3 17 17  1  1
 4  5 17 17  1  1
 6  7 17 17  1  1
 8  9 17 17  1  1
10 11 17 17  1  1
12 13 17 17  1  1
14 15 17 17  1  1
16 17 17 17  1  1
 1  1 15 16  1  1
 2  3 15 16  1  1
 4  5 15 16  1  1
 6  7 15 16  1  1
 8  9 15 16  1  1
10 11 15 16  1  1
12 13 15 16  1  1
14 15 15 16  1  1
16 17 15 16  1  1
 1  1 13 14  1  1
 2  3 13 14  1  1
 4  5 13 14  1  1
 6  7 13 14  1  1
 8  9 13 14  1  1
10 11 13 14  1  1
12 13 13 14  1  1
14 15 13 14  1  1
16 17 13 14  1  1
 1  1 11 12  1  1
 2  3 11 12  1  1
 4  5 11 12  1  1
 6  7 11 12  1  1
 8  9 11 12  1  1
10 11 11 12  1  1
12 13 11 12  1  1
14 15 11 12  1  1
16 17 11 12  1  1
 1  1  9 10  1  1
 2  3  9 10  1  1
 4  5  9 10  1  1
 6  7  9 10  1  1
 8  9  9 10  1  1
10 11  9 10  1  1
12 13  9 10  1  1
14 15  9 10  1  1
16 17  9 10  1  1
 1  1  7  8  1  1
 2  3  7  8  1  1
 4  5  7  8  1  1
 6  7  7  8  1  1
 8  9  7  8  1  1
10 11  7  8  1  1
12 13  7  8  1  1
14 15  7  8  1  1
 1  1  5  6  1  1
 2  3  5  6  1  1
 4  5  5  6  1  1
 6  7  5  6  1  1
 8  9  5  6  1  1
10 11  5  6  1  1
12 13  5  6  1  1
14 15  5  6  1  1
 1  1  3  4  1  1
 2  3  3  4  1  1
 4  5  3  4  1  1
 6  7  3  4  1  1
 8  9  3  4  1  1
10 11  3  4  1  1
12 13  3  4  1  1
 1  1  1  2  1  1
 2  3  1  2  1  1
 4  5  1  2  1  1
 6  7  1  2  1  1
 8  9  1  2  1  1
16 17  7  8  1  1
16 17  5  6  1  1
14 15  3  4  1  1
16 17  3  4  1  1
10 11  1  2  1  1
12 13  1  2  1  1
14 15  1  2  1  1
16 17  1  2  1  1
