  temptable_boundary bulk_cool
! HEADER: 
!  This is the initial fuel temperature table 
!  The goal of this table is to provide fuel temperatures as a function of power 
!  an burnup as follows: 
!    Tfuel = Tmod + a * P  + b * P^2  where a and b are functions of burnup and P is the linear heat flux 
! 
!  The structure of this file is very basic.  A header will give the number of burnup points and the linear 
!  heat rate used to generate the file.  (this is so the data can be fit using normalized powers, if actual 
!  linear heat rates are used in the computation of a and b, enter 1.0 for the LHR. 
!  The header is followed by a list of a and b for each burnup point (in GWD/MT) 
! 
!                    LHR (W/cm) 
  temptable_qprime     0.974
!  list of temperature coefficients 
!  Bu (GWD/MT)    a (K)        b (K)
  temptable_polynomial
      0.00     2.05830809   -0.00169451
      0.10     2.05215207   -0.00172809
      0.20     2.04942450   -0.00174239
      0.30     2.04720784   -0.00174922
      0.40     2.04546742   -0.00175372
      0.50     2.04480567   -0.00176082
      0.60     2.04427763   -0.00176660
      0.70     2.04404570   -0.00177307
      0.80     2.04414422   -0.00178054
      0.90     2.04446492   -0.00178851
      1.00     2.04473996   -0.00179594
      1.10     2.04510641   -0.00180354
      1.20     2.04556225   -0.00181143
      1.30     2.04603918   -0.00181940
      1.40     2.04656043   -0.00182753
      1.50     2.04709731   -0.00183577
      1.60     2.04763808   -0.00184403
      1.70     2.04816222   -0.00185231
      1.80     2.04866596   -0.00186055
      1.90     2.04919427   -0.00186899
      2.00     2.04967678   -0.00187730
      2.10     2.05011975   -0.00188552
      2.20     2.05053654   -0.00189365
      2.30     2.05093658   -0.00190185
      2.40     2.05130734   -0.00190996
      2.50     2.05164892   -0.00191799
      2.60     2.05192234   -0.00192584
      2.70     2.05217871   -0.00193365
      2.80     2.05238338   -0.00194128
      2.90     2.05254735   -0.00194878
      3.00     2.05267005   -0.00195617
      3.10     2.05275160   -0.00196340
      3.20     2.05277784   -0.00197044
      3.30     2.05277822   -0.00197742
      3.40     2.05274364   -0.00198429
      3.50     2.05267822   -0.00199105
      3.60     2.05255373   -0.00199759
      3.70     2.05241559   -0.00200409
      3.80     2.05224011   -0.00201048
      3.90     2.05204591   -0.00201680
      4.00     2.05181317   -0.00202297
      4.10     2.05155086   -0.00202905
      4.20     2.05127399   -0.00203507
      4.30     2.05097356   -0.00204102
      4.40     2.05064418   -0.00204686
      4.50     2.05029666   -0.00205263
      4.60     2.04992865   -0.00205833
      4.70     2.04954408   -0.00206398
      4.80     2.04913405   -0.00206952
      4.90     2.04870000   -0.00207496
      5.00     2.04825698   -0.00208037
      5.10     2.04779051   -0.00208570
      5.20     2.04730998   -0.00209096
      5.30     2.04680079   -0.00209610
      5.40     2.04628349   -0.00210121
      5.50     2.04574953   -0.00210625
      5.60     2.04520156   -0.00211124
      5.70     2.04462775   -0.00211610
      5.80     2.04404333   -0.00212092
      5.90     2.04344563   -0.00212569
      6.00     2.04284069   -0.00213042
      6.10     2.04220630   -0.00213502
      6.20     2.04156295   -0.00213959
      6.30     2.04090826   -0.00214409
      6.40     2.04024699   -0.00214857
      6.50     2.03956450   -0.00215296
      6.60     2.03886539   -0.00215726
      6.70     2.03816165   -0.00216154
      6.80     2.03744978   -0.00216578
      6.90     2.03672279   -0.00216996
      7.00     2.03597694   -0.00217403
      7.10     2.03522635   -0.00217809
      7.20     2.03446955   -0.00218212
      7.30     2.03370378   -0.00218611
      7.40     2.03291553   -0.00218997
      7.50     2.03212225   -0.00219382
      7.60     2.03132572   -0.00219765
      7.70     2.03052527   -0.00220146
      7.80     2.02969794   -0.00220513
      7.90     2.02886893   -0.00220879
      8.00     2.02803651   -0.00221244
      8.10     2.02719946   -0.00221606
      8.20     2.02634276   -0.00221958
      8.30     2.02547968   -0.00222307
      8.40     2.02461498   -0.00222655
      8.50     2.02374541   -0.00223000
      8.60     2.02286141   -0.00223337
      8.70     2.02196903   -0.00223670
      8.80     2.02107549   -0.00224003
      8.90     2.02017658   -0.00224332
      9.00     2.01926792   -0.00224656
      9.10     2.01835032   -0.00224975
      9.20     2.01743067   -0.00225293
      9.30     2.01650404   -0.00225608
      9.40     2.01568837   -0.00225978
      9.50     2.01531641   -0.00226575
      9.60     2.01494260   -0.00227172
      9.70     2.01456663   -0.00227766
      9.80     2.01418824   -0.00228359
      9.90     2.01376829   -0.00228930
     10.00     2.01334571   -0.00229500
     10.10     2.01292054   -0.00230068
     10.20     2.01249374   -0.00230635
     10.30     2.01137022   -0.00230846
     10.40     2.01002285   -0.00230941
     10.50     2.00867232   -0.00231034
     10.60     2.00732232   -0.00231128
     10.70     2.00494174   -0.00230694
     10.80     2.00167712   -0.00229807
     10.90     1.99841324   -0.00228921
     11.00     1.99514756   -0.00228033
     11.10     1.99188925   -0.00227149
     11.20     1.98864524   -0.00226272
     11.30     1.98539978   -0.00225394
     11.40     1.98215560   -0.00224516
     11.50     1.97899704   -0.00223699
     11.60     1.97617975   -0.00223123
     11.70     1.97336285   -0.00222546
     11.80     1.97054609   -0.00221970
     11.90     1.96756964   -0.00221280
     12.00     1.96436240   -0.00220426
     12.10     1.96115673   -0.00219571
     12.20     1.95795036   -0.00218717
     12.30     1.95470719   -0.00217836
     12.40     1.95141112   -0.00216923
     12.50     1.94809850   -0.00216002
     12.60     1.94478618   -0.00215080
     12.70     1.94112762   -0.00213913
     12.80     1.93728953   -0.00212638
     12.90     1.93332980   -0.00211300
     13.00     1.92936758   -0.00209959
     13.10     1.92517213   -0.00208453
     13.20     1.92090217   -0.00206908
     13.30     1.91636970   -0.00205229
     13.40     1.91178902   -0.00203558
     13.50     1.90719379   -0.00201892
     13.60     1.90259840   -0.00200226
     13.70     1.89795408   -0.00198567
     13.80     1.89322035   -0.00196922
     13.90     1.88848841   -0.00195279
     14.00     1.88375611   -0.00193635
     14.10     1.87924492   -0.00191989
     14.20     1.87475329   -0.00190349
     14.30     1.87026221   -0.00188711
     14.40     1.86579792   -0.00187069
     14.50     1.86138839   -0.00185444
     14.60     1.85700501   -0.00183833
     14.70     1.85262360   -0.00182221
     14.80     1.84824460   -0.00180609
     14.90     1.84390694   -0.00179018
     15.00     1.83951853   -0.00177373
     15.10     1.83522499   -0.00175714
     15.20     1.83094901   -0.00174052
     15.30     1.82666734   -0.00172386
     15.40     1.82243000   -0.00170690
     15.50     1.81828113   -0.00168980
     15.60     1.81413370   -0.00167271
     15.70     1.80998280   -0.00165558
     15.80     1.80586418   -0.00163851
     15.90     1.80160066   -0.00162110
     16.00     1.79733730   -0.00160369
     16.10     1.79303117   -0.00158617
     16.20     1.78831333   -0.00156765
     16.30     1.78359632   -0.00154913
     16.40     1.77889009   -0.00153063
     16.50     1.77423840   -0.00151218
     16.60     1.76960279   -0.00149380
     16.70     1.76508768   -0.00147578
     16.80     1.76104359   -0.00145880
     16.90     1.75693245   -0.00144134
     17.00     1.75283178   -0.00142392
     17.10     1.74877748   -0.00140657
     17.20     1.74473003   -0.00138916
     17.30     1.74066331   -0.00137160
     17.40     1.73657385   -0.00135389
     17.50     1.73151185   -0.00133112
     17.60     1.72644092   -0.00130830
     17.70     1.72135847   -0.00128543
     17.80     1.71628029   -0.00126255
     17.90     1.71132439   -0.00123991
     18.00     1.70682685   -0.00121935
     18.10     1.70244900   -0.00119960
     18.20     1.69821240   -0.00118018
     18.30     1.69444398   -0.00116262
     18.40     1.69103204   -0.00114721
     18.50     1.68767092   -0.00113202
     18.60     1.68431531   -0.00111684
     18.70     1.68104680   -0.00110210
     18.80     1.67787041   -0.00108763
     18.90     1.67470138   -0.00107316
     19.00     1.67153490   -0.00105870
     19.10     1.66833248   -0.00104389
     19.20     1.66473128   -0.00102722
     19.30     1.66079669   -0.00100953
     19.40     1.65692403   -0.00099200
     19.50     1.65295574   -0.00097413
     19.60     1.64889105   -0.00095580
     19.70     1.64482614   -0.00093745
     19.80     1.64076429   -0.00091909
     19.90     1.63670441   -0.00090071
     20.00     1.63314689   -0.00088364
     20.10     1.62965673   -0.00086668
     20.20     1.62620664   -0.00084981
     20.30     1.62283121   -0.00083309
     20.40     1.61939818   -0.00081606
     20.50     1.61590744   -0.00079870
     20.60     1.61240696   -0.00078117
     20.70     1.60844339   -0.00076030
     20.80     1.60445881   -0.00073927
     20.90     1.60037564   -0.00071767
     21.00     1.59637115   -0.00069645
     21.10     1.59247680   -0.00067595
     21.20     1.58859756   -0.00065545
     21.30     1.58457811   -0.00063424
     21.40     1.58061747   -0.00061344
     21.50     1.57665344   -0.00059329
     21.60     1.57265280   -0.00057319
     21.70     1.56876062   -0.00055347
     21.80     1.56544959   -0.00053593
     21.90     1.56209502   -0.00051871
     22.00     1.55891221   -0.00050201
     22.10     1.55588157   -0.00048578
     22.20     1.55288987   -0.00046988
     22.30     1.54999654   -0.00045430
     22.40     1.54712292   -0.00043877
     22.50     1.54421579   -0.00042310
     22.60     1.54125732   -0.00040718
     22.70     1.53831581   -0.00039130
     22.80     1.53540120   -0.00037552
     22.90     1.53267345   -0.00036073
     23.00     1.53090287   -0.00035076
     23.10     1.52914765   -0.00034084
     23.20     1.52742467   -0.00033084
     23.30     1.52569989   -0.00032078
     23.40     1.52375385   -0.00030954
     23.50     1.52186462   -0.00029823
     23.60     1.52006501   -0.00028689
     23.70     1.51824615   -0.00027542
     23.80     1.51641028   -0.00026362
     23.90     1.51482409   -0.00025143
     24.00     1.51323552   -0.00023923
     24.10     1.51167665   -0.00022720
     24.20     1.51015495   -0.00021504
     24.30     1.50861055   -0.00020267
     24.40     1.50706916   -0.00019031
     24.50     1.50552665   -0.00017800
     24.60     1.50375775   -0.00016471
     24.70     1.50148231   -0.00014881
     24.80     1.49922157   -0.00013293
     24.90     1.49687879   -0.00011706
     25.00     1.49454112   -0.00010121
     25.10     1.49223849   -0.00008551
     25.20     1.48989312   -0.00006977
     25.30     1.48752754   -0.00005401
     25.40     1.48517056   -0.00003828
     25.50     1.48280528   -0.00002256
     25.60     1.48017859   -0.00000624
     25.70     1.47736504    0.00001057
     25.80     1.47456349    0.00002735
     25.90     1.47148939    0.00004474
     26.00     1.46820589    0.00006281
     26.10     1.46493434    0.00008086
     26.20     1.46164667    0.00009894
     26.30     1.45837615    0.00011686
     26.40     1.45534766    0.00013307
     26.50     1.45230835    0.00014932
     26.60     1.44928142    0.00016552
     26.70     1.44629710    0.00018147
     26.80     1.44344291    0.00019661
     26.90     1.44059690    0.00021175
     27.00     1.43775344    0.00022688
     27.10     1.43499510    0.00024183
     27.20     1.43328963    0.00025148
     27.30     1.43162871    0.00026097
     27.40     1.42998035    0.00027046
     27.50     1.42826698    0.00028020
     27.60     1.42660254    0.00028980
     27.70     1.42495780    0.00029933
     27.80     1.42331861    0.00030885
     27.90     1.42168690    0.00031840
     28.00     1.42066943    0.00032646
     28.10     1.41971803    0.00033435
     28.20     1.41876945    0.00034224
     28.30     1.41852344    0.00034854
     28.40     1.41836861    0.00035452
     28.50     1.41822469    0.00036044
     28.60     1.41794309    0.00036677
     28.70     1.41764817    0.00037324
     28.80     1.41736071    0.00037967
     28.90     1.41707708    0.00038596
     29.00     1.41681623    0.00039216
     29.10     1.41650161    0.00039846
     29.20     1.41601296    0.00040522
     29.30     1.41524648    0.00041291
     29.40     1.41405813    0.00042196
     29.50     1.41266285    0.00043161
     29.60     1.41107379    0.00044199
     29.70     1.40947852    0.00045238
     29.80     1.40786090    0.00046279
     29.90     1.40622601    0.00047327
     30.00     1.40440985    0.00048439
     30.10     1.40200541    0.00049741
     30.20     1.39966643    0.00051021
     30.30     1.39706856    0.00052329
     30.40     1.39449742    0.00053618
     30.50     1.39207093    0.00054845
     30.60     1.38959130    0.00056030
     30.70     1.38674866    0.00057311
     30.80     1.38391611    0.00058588
     30.90     1.38120383    0.00059776
     31.00     1.37862544    0.00060883
     31.10     1.37653921    0.00061820
     31.20     1.37463357    0.00062693
     31.30     1.37282682    0.00063550
     31.40     1.37106928    0.00064391
     31.50     1.36936688    0.00065213
     31.60     1.36789445    0.00065959
     31.70     1.36668260    0.00066621
     31.80     1.36530233    0.00067371
     31.90     1.36384101    0.00068177
     32.00     1.36239132    0.00068980
     32.10     1.36096701    0.00069772
     32.20     1.35955163    0.00070564
     32.30     1.35811964    0.00071364
     32.40     1.35669216    0.00072171
     32.50     1.35524387    0.00072996
     32.60     1.35378614    0.00073826
     32.70     1.35228279    0.00074684
     32.80     1.35066131    0.00075630
     32.90     1.34885496    0.00076680
     33.00     1.34703117    0.00077733
     33.10     1.34530949    0.00078807
     33.20     1.34435743    0.00079660
     33.30     1.34361806    0.00080449
     33.40     1.34409326    0.00080854
     33.50     1.34442622    0.00081425
     33.60     1.34457568    0.00082080
     33.70     1.34468069    0.00082746
     33.80     1.34480227    0.00083407
     33.90     1.34464704    0.00084207
     34.00     1.34416095    0.00085170
     34.10     1.34366518    0.00086136
     34.20     1.34299183    0.00087156
     34.30     1.34143373    0.00088627
     34.40     1.33685891    0.00091657
     34.50     1.33266930    0.00094558
     34.60     1.32875602    0.00097365
     34.70     1.32515021    0.00100040
     34.80     1.32585881    0.00100484
     34.90     1.32665236    0.00100896
     35.00     1.32793169    0.00101087
     35.10     1.32892572    0.00101309
     35.20     1.33082896    0.00101017
     35.30     1.33305195    0.00100555
     35.40     1.33524080    0.00100091
     35.50     1.33730918    0.00099699
     35.60     1.33932872    0.00099338
     35.70     1.34127780    0.00099005
     35.80     1.34323014    0.00098672
     35.90     1.34517222    0.00098351
     36.00     1.34705695    0.00098057
     36.10     1.34884967    0.00097813
     36.20     1.35065641    0.00097563
     36.30     1.35250039    0.00097296
     36.40     1.35428367    0.00097060
     36.50     1.35552274    0.00097107
     36.60     1.35679084    0.00097141
     36.70     1.35809443    0.00097157
     36.80     1.35942146    0.00097165
     36.90     1.36029067    0.00097413
     37.00     1.36118518    0.00097641
     37.10     1.36210775    0.00097850
     37.20     1.36307113    0.00098046
     37.30     1.36407199    0.00098227
     37.40     1.36477163    0.00098620
     37.50     1.36548952    0.00099016
     37.60     1.36622285    0.00099407
     37.70     1.36697824    0.00099786
     37.80     1.36774713    0.00100156
     37.90     1.36853115    0.00100522
     38.00     1.36935096    0.00100873
     38.10     1.36973439    0.00101519
     38.20     1.36921323    0.00102789
     38.30     1.36871598    0.00104052
     38.40     1.36822287    0.00105309
     38.50     1.36837238    0.00106126
     38.60     1.36877845    0.00106706
     38.70     1.36926538    0.00107286
     38.80     1.36982840    0.00107867
     38.90     1.37072262    0.00108215
     39.00     1.37180732    0.00108450
     39.10     1.37291006    0.00108680
     39.20     1.37402759    0.00108905
     39.30     1.37518091    0.00109111
     39.40     1.37633767    0.00109318
     39.50     1.37749555    0.00109527
     39.60     1.37864110    0.00109740
     39.70     1.37942051    0.00110090
     39.80     1.37985126    0.00110532
     39.90     1.37978048    0.00111127
     40.00     1.37969195    0.00111741
     40.10     1.37946770    0.00112413
     40.20     1.37918259    0.00113101
     40.30     1.37879164    0.00113811
     40.40     1.37823208    0.00114626
     40.50     1.37718739    0.00115637
     40.60     1.37601467    0.00116687
     40.70     1.37498026    0.00117681
     40.80     1.37404408    0.00118653
     40.90     1.37311324    0.00119625
     41.00     1.37219037    0.00120594
     41.10     1.37132177    0.00121536
     41.20     1.37048334    0.00122465
     41.30     1.36963627    0.00123394
     41.40     1.36879003    0.00124320
     41.50     1.36797429    0.00125228
     41.60     1.36716457    0.00126128
     41.70     1.36635929    0.00127025
     41.80     1.36553985    0.00127918
     41.90     1.36474491    0.00128801
     42.00     1.36394620    0.00129678
     42.10     1.36314729    0.00130560
     42.20     1.36232193    0.00131450
     42.30     1.36138344    0.00132424
     42.40     1.36057412    0.00133461
     42.50     1.36004072    0.00134544
     42.60     1.35968046    0.00135569
     42.70     1.35941594    0.00136591
     42.80     1.36012010    0.00137530
     42.90     1.36159721    0.00138216
     43.00     1.36312358    0.00138885
     43.10     1.36418020    0.00139431
     43.20     1.36489630    0.00139902
     43.30     1.36560262    0.00140370
     43.40     1.36596532    0.00140947
     43.50     1.36611784    0.00141586
     43.60     1.36600155    0.00142308
     43.70     1.36571594    0.00143074
     43.80     1.36541342    0.00143852
     43.90     1.36495119    0.00144684
     44.00     1.36440859    0.00145537
     44.10     1.36399617    0.00146366
     44.20     1.36370768    0.00147185
     44.30     1.36371338    0.00147912
     44.40     1.36384271    0.00148601
     44.50     1.36402700    0.00149289
     44.60     1.36419941    0.00149981
     44.70     1.36435364    0.00150677
     44.80     1.36448509    0.00151375
     44.90     1.36451394    0.00152107
     45.00     1.36428826    0.00152921
     45.10     1.36409459    0.00153722
     45.20     1.36384329    0.00154537
     45.30     1.36355501    0.00155359
     45.40     1.36322705    0.00156188
     45.50     1.36286730    0.00157043
     45.60     1.36172131    0.00158141
     45.70     1.36056992    0.00159241
     45.80     1.35938552    0.00160365
     45.90     1.35818469    0.00161503
     46.00     1.35708564    0.00162617
     46.10     1.35590290    0.00163757
     46.20     1.35474761    0.00164880
     46.30     1.35371092    0.00165975
     46.40     1.35268354    0.00167071
     46.50     1.35138835    0.00168302
     46.60     1.34998831    0.00169566
     46.70     1.34860520    0.00170823
     46.80     1.34727896    0.00172062
     46.90     1.34571692    0.00173355
     47.00     1.34405309    0.00174684
     47.10     1.34264100    0.00175934
     47.20     1.34151434    0.00177094
     47.30     1.34129960    0.00177942
     47.40     1.33991048    0.00179404
     47.50     1.33660016    0.00181926
     47.60     1.33383689    0.00184171
     47.70     1.33282079    0.00185532
     47.80     1.33556294    0.00185936
     47.90     1.33963951    0.00185697
     48.00     1.34364511    0.00185493
     48.10     1.34422060    0.00186132
     48.20     1.34476547    0.00186781
     48.30     1.34410984    0.00188051
     48.40     1.34293379    0.00189482
     48.50     1.34165354    0.00190954
     48.60     1.34032956    0.00192442
     48.70     1.33701775    0.00194904
     48.80     1.33273579    0.00197838
     48.90     1.33001525    0.00199961
     49.00     1.32841228    0.00201503
     49.10     1.32676707    0.00203058
     49.20     1.32511208    0.00204612
     49.30     1.32346322    0.00206164
     49.40     1.32172396    0.00207743
     49.50     1.31999704    0.00209314
     49.60     1.31834125    0.00210856
     49.70     1.31667786    0.00212401
     49.80     1.48895985    0.00181584
     49.90     1.67090777    0.00056170
