par_method  EXPLICITRADIAL
par_map
  1  1  1  1  2  2  2  2  2  5  5  5  5  5  7  7  7
  1  1  1  1  2  2  2  2  2  5  5  5  5  5  7  7  7
  1  1  1  1  2  2  2  2  2  5  5  5  5  5  7  7  7
  1  1  1  4  4  4  4  9  9  9  9  9  9  9  7  7  7
  3  3  3  4  4  4  4  9  9  9  9  9  9  9  9  7  7
  3  3  3  4  4  4  4 11 11 11 12 12 12 12 12 12  7
  3  3  3  4  4  4 11 11 11 12 12 12 12 12 12 12 12
  3  3  3 10 10 11 11 11 11 12 14 14 14 14 14  0  0
  3  3  3 10 10 11 11 11 11 14 14 14 14 14 14  0  0
  6  6  6 10 10 11 13 13 15 16 16 16 16 14 14  0  0
  6  6  6 10 10 13 13 15 15 16 16 16 16 14 14  0  0
  6  6  6 10 10 13 13 15 15 16 16 16 16  0  0  0  0
  6  6  6 10 10 13 13 15 15 16 16 16 16  0  0  0  0
  6  6  6 10 10 13 13 15 15 15 15  0  0  0  0  0  0
  8  8  8  8 10 13 13 15 15 15 15  0  0  0  0  0  0
  8  8  8  8  8 13 13  0  0  0  0  0  0  0  0  0  0
  8  8  8  8  8  8 13  0  0  0  0  0  0  0  0  0  0
