num_space 864
par_map
  0  0  0  0  0  0  0  0  0  0 11 11 11 11 11 11 1 15 15 15 15 15 15 15  0  0  0  0  0  0  0  0  0  0
  0  0  0  0  0  0  0  0  0  0 11 11 11 11 11 11 1 15 15 15 15 15 15 15  0  0  0  0  0  0  0  0  0  0
  0  0  0  0  0  0 12 12 12 12 11 11 11 11 11 11 1 15 15 15 15 15 15 15 16 16 16 16  0  0  0  0  0  0
  0  0  0  0  0  0 12 12 12 12 11 11 11 11 11 11 1 15 15 15 15 15 15 15 16 16 16 16  0  0  0  0  0  0
  0  0  0  0 12 12 12 12 12 12 11 11 11 11 11 11 1 15 15 15 15 15 15 15 16 16 16 16 16 16  0  0  0  0
  0  0  0  0 12 12 12 12 12 12 11 11 11 11 11 11 1 15 15 15 15 15 15 15 16 16 16 16 16 16  0  0  0  0
  0  0 12 12 12 12 12 12 12 12 12 11 11 11 11 11 1 15 15 15 15 15 15 16 16 16 16 16 16 16 16 16  0  0
  0  0 12 12 12 12 12 12 12 12 12 11 11 11 11 11 1 15 15 15 15 15 15 16 16 16 16 16 16 16 16 16  0  0
  0  0 12 12 12 12 12 12 12 12 12 11 11 11 11 11 1 15 15 15 15 15 15 16 16 16 16 16 16 16 16 16  0  0
  0  0 12 12 12 12 12 12 12 12 12  9  9  9  9  9 9 13 13 13 13 13 13 16 16 16 16 16 16 16 16 16  0  0
 10 10 10 10 10 10 12 12 12 12 12  9  9  9  9  9 9 13 13 13 13 13 13 16 16 16 16 16 14 14 14 14 14 14
 10 10 10 10 10 10 10 10 10  9  9  9  9  9  9  9 9 13 13 13 13 13 13 13 13 14 14 14 14 14 14 14 14 14
 10 10 10 10 10 10 10 10 10  9  9  9  9  9  9  9 9 13 13 13 13 13 13 13 13 14 14 14 14 14 14 14 14 14
 10 10 10 10 10 10 10 10 10  9  9  9  9  9  9  9 9 13 13 13 13 13 13 13 13 14 14 14 14 14 14 14 14 14
 10 10 10 10 10 10 10 10 10  9  9  9  9  9  9  9 9 13 13 13 13 13 13 13 13 14 14 14 14 14 14 14 14 14
 10 10 10 10 10 10 10 10 10  9  9  9  9  9  9  9 9 13 13 13 13 13 13 13 13 14 14 14 14 14 14 14 14 14
 10 10 10 10 10 10 10 10 10  9  9  9  9  9  9  9 9 13 13 13 13 13 13 13 13 14 14 14 14 14 14 14 14 14
  6  6  6  6  6  6  6  6  6  5  5  5  5  5  5  5 5  1  1  1  1  1  1  1  1  2  2  2  2  2  2  2  2  2
  6  6  6  6  6  6  6  6  6  5  5  5  5  5  5  5 5  1  1  1  1  1  1  1  1  2  2  2  2  2  2  2  2  2
  6  6  6  6  6  6  6  6  6  5  5  5  5  5  5  5 5  1  1  1  1  1  1  1  1  2  2  2  2  2  2  2  2  2
  6  6  6  6  6  6  6  6  6  5  5  5  5  5  5  5 5  1  1  1  1  1  1  1  1  2  2  2  2  2  2  2  2  2
  6  6  6  6  6  6  6  6  6  5  5  5  5  5  5  5 5  1  1  1  1  1  1  1  1  2  2  2  2  2  2  2  2  2
  6  6  6  6  6  6  6  6  6  5  5  5  5  5  5  5 5  1  1  1  1  1  1  1  1  2  2  2  2  2  2  2  2  2
  6  6  6  6  6  6  8  8  8  8  8  5  5  5  5  5 5  1  1  1  1  1  1  4  4  4  4  4  2  2  2  2  2  2
  0  0  8  8  8  8  8  8  8  8  8  5  5  5  5  5 5  1  1  1  1  1  1  4  4  4  4  4  4  4  4  4  0  0
  0  0  8  8  8  8  8  8  8  8  8  7  7  7  7  7 7  3  3  3  3  3  3  4  4  4  4  4  4  4  4  4  0  0
  0  0  8  8  8  8  8  8  8  8  8  7  7  7  7  7 7  3  3  3  3  3  3  4  4  4  4  4  4  4  4  4  0  0
  0  0  8  8  8  8  8  8  8  8  8  7  7  7  7  7 7  3  3  3  3  3  3  4  4  4  4  4  4  4  4  4  0  0
  0  0  0  0  8  8  8  8  8  8  7  7  7  7  7  7 7  3  3  3  3  3  3  3  4  4  4  4  4  4  0  0  0  0
  0  0  0  0  8  8  8  8  8  8  7  7  7  7  7  7 7  3  3  3  3  3  3  3  4  4  4  4  4  4  0  0  0  0
  0  0  0  0  0  0  8  8  8  8  7  7  7  7  7  7 7  3  3  3  3  3  3  3  4  4  4  4  0  0  0  0  0  0
  0  0  0  0  0  0  8  8  8  8  7  7  7  7  7  7 7  3  3  3  3  3  3  3  4  4  4  4  0  0  0  0  0  0
  0  0  0  0  0  0  0  0  0  0  7  7  7  7  7  7 7  3  3  3  3  3  3  3  0  0  0  0  0  0  0  0  0  0
  0  0  0  0  0  0  0  0  0  0  7  7  7  7  7  7 7  3  3  3  3  3  3  3  0  0  0  0  0  0  0  0  0  0
