num_space 1296
par_map
 0  0  0  0  0  0  0  0  0  0 17 17 17 17 15 15 5 20 20 20 22 22 22 22  0  0  0  0  0  0  0  0  0  0
 0  0  0  0  0  0  0  0  0  0 17 17 17 17 15 15 5 20 20 20 22 22 22 22  0  0  0  0  0  0  0  0  0  0
 0  0  0  0  0  0 18 18 18 18 17 17 17 15 15 15 5 20 20 20 20 22 22 22 24 24 24 24  0  0  0  0  0  0
 0  0  0  0  0  0 18 18 18 18 17 17 17 15 15 15 5 20 20 20 20 22 22 22 24 24 24 24  0  0  0  0  0  0
 0  0  0  0 18 18 18 18 18 17 17 17 17 15 15 15 5 20 20 20 20 22 22 22 22 24 24 24 24 24  0  0  0  0
 0  0  0  0 18 18 18 18 18 17 17 17 17 15 15 15 5 20 20 20 20 22 22 22 22 24 24 24 24 24  0  0  0  0
 0  0 18 18 18 18 18 18 18 17 17 17 17 15 15 15 5 20 20 20 20 22 22 22 22 24 24 24 24 24 24 24  0  0
 0  0 18 18 18 18 18 18 18 17 17 17 17 15 15 15 5 20 20 20 20 22 22 22 22 24 24 24 24 24 24 24  0  0
 0  0 18 18 18 18 18 18 18 17 17 17 17 15 15 15 5 20 20 20 20 22 22 22 22 24 24 24 24 24 24 24  0  0
 0  0 18 18 16 16 16 16 16 16 17 17 17 15 15 15 5 20 20 20 20 22 22 22 22 23 23 23 23 23 24 24  0  0
16 16 16 16 16 16 16 16 16 16 17 17 17 15 15 13 3 19 19 20 20 22 22 23 23 23 23 23 23 23 23 23 23 23
16 16 16 16 16 16 16 16 16 16 16 13 13 13 13 13 3 19 19 19 19 19 19 23 23 23 23 23 23 23 23 23 23 23
16 16 16 16 16 16 16 16 16 16 16 13 13 13 13 13 3 19 19 19 19 19 19 23 23 23 23 23 23 23 23 23 23 23
16 16 14 14 14 14 14 14 14 14 14 13 13 13 13 13 3 19 19 19 19 19 19 21 21 21 21 21 21 21 21 21 23 23
14 14 14 14 14 14 14 14 14 14 14 13 13 13 13 13 3 19 19 19 19 19 19 21 21 21 21 21 21 21 21 21 21 21
14 14 14 14 14 14 14 14 14 14 13 13 13 13 13 13 3 19 19 19 19 19 19 19 21 21 21 21 21 21 21 21 21 21
14 14 14 14 14 14 14 14 14 14 13 13 13 13 13 13 3 19 19 19 19 19 19 19 21 21 21 21 21 21 21 21 21 21
 9  9  9  9  9  9  9  9  9  9  7  7  7  7  7  7 7  1  1  1  1  1  1  1  2  2  2  2  2  2  2  2  2  2
 9  9  9  9  9  9  9  9  9  9  7  7  7  7  7  7 7  1  1  1  1  1  1  1  2  2  2  2  2  2  2  2  2  2
 9  9  9  9  9  9  9  9  9  9  9  7  7  7  7  7 7  1  1  1  1  1  1  2  2  2  2  2  2  2  2  2  2  2
11 11  9  9  9  9  9  9  9  9  9  7  7  7  7  7 7  1  1  1  1  1  1  2  2  2  2  2  2  2  2  2  4  4
11 11 11 11 11 11 11 11 11 11 11  7  7  7  7  7 7  1  1  1  1  1  1  4  4  4  4  4  4  4  4  4  4  4
11 11 11 11 11 11 11 11 11 11 11  7  7  7  7  7 7  1  1  1  1  1  1  4  4  4  4  4  4  4  4  4  4  4
11 11 11 11 11 11 11 11 11 11 11 10 10  8  8  7 7  1  1  3  3  5  5  5  4  4  4  4  4  4  4  4  4  4
 0  0 12 12 11 11 11 11 11 10 10 10 10  8  8  8 8  3  3  3  3  5  5  5  4  4  4  4  4  4  6  6  0  0
 0  0 12 12 12 12 12 12 12 10 10 10 10  8  8  8 8  3  3  3  3  5  5  5  5  6  6  6  6  6  6  6  0  0
 0  0 12 12 12 12 12 12 12 10 10 10 10  8  8  8 8  3  3  3  3  5  5  5  5  6  6  6  6  6  6  6  0  0
 0  0 12 12 12 12 12 12 12 10 10 10 10  8  8  8 8  3  3  3  3  5  5  5  5  6  6  6  6  6  6  6  0  0
 0  0  0  0 12 12 12 12 12 10 10 10 10  8  8  8 8  3  3  3  3  5  5  5  5  6  6  6  6  6  0  0  0  0
 0  0  0  0 12 12 12 12 12 10 10 10 10  8  8  8 8  3  3  3  3  5  5  5  5  6  6  6  6  6  0  0  0  0
 0  0  0  0  0  0 12 12 12 12 10 10 10  8  8  8 8  3  3  3  3  5  5  5  6  6  6  6  0  0  0  0  0  0
 0  0  0  0  0  0 12 12 12 12 10 10 10  8  8  8 8  3  3  3  3  5  5  5  6  6  6  6  0  0  0  0  0  0
 0  0  0  0  0  0  0  0  0  0 10 10 10 10  8  8 8  3  3  3  5  5  5  5  0  0  0  0  0  0  0  0  0  0
 0  0  0  0  0  0  0  0  0  0 10 10 10 10  8  8 8  3  3  3  5  5  5  5  0  0  0  0  0  0  0  0  0  0
