num_space 1728
par_map
 0  0  0  0  0  0  0  0  0  0 21 21 21 21 21 21 21 29 29 29 29 29 29 29  0  0  0  0  0  0  0  0  0  0
 0  0  0  0  0  0  0  0  0  0 21 21 21 21 21 21 21 29 29 29 29 29 29 29  0  0  0  0  0  0  0  0  0  0
 0  0  0  0  0  0 24 24 24 24 21 21 21 21 21 21 21 29 29 29 29 29 29 29 32 32 32 32  0  0  0  0  0  0
 0  0  0  0  0  0 24 24 24 24 21 21 21 21 21 21 21 29 29 29 29 29 29 29 32 32 32 32  0  0  0  0  0  0
 0  0  0  0 24 24 24 24 23 23 23 23 21 21 19 19 19 27 27 27 29 29 30 30 30 30 32 32 32 32  0  0  0  0
 0  0  0  0 24 24 24 24 23 23 23 23 23 19 19 19 19 27 27 27 27 30 30 30 30 30 32 32 32 32  0  0  0  0
 0  0 24 24 24 24 24 24 23 23 23 23 23 19 19 19 19 27 27 27 27 30 30 30 30 30 32 32 32 32 32 32  0  0
 0  0 24 24 24 24 24 24 23 23 23 23 23 19 19 19 19 27 27 27 27 30 30 30 30 30 32 32 32 32 32 32  0  0
 0  0 24 24 22 22 22 22 23 23 23 23 23 19 19 19 19 27 27 27 27 30 30 30 30 30 31 31 31 31 32 32  0  0
 0  0 24 22 22 22 22 22 22 22 23 23 23 19 19 19 19 27 27 27 27 30 30 30 31 31 31 31 31 31 31 32  0  0
20 20 20 20 22 22 22 22 22 22 23 23 23 19 19 19 19 27 27 27 27 30 30 30 31 31 31 31 31 31 28 28 28 28
20 20 20 20 22 22 22 22 22 22 22 17 17 17 19 19 19 27 27 27 25 25 25 31 31 31 31 31 31 31 28 28 28 28
20 20 20 20 20 22 22 22 22 22 22 17 17 17 17 17 17 25 25 25 25 25 25 31 31 31 31 31 31 28 28 28 28 28
20 20 20 20 20 18 18 18 18 18 18 17 17 17 17 17 17 25 25 25 25 25 25 26 26 26 26 26 26 28 28 28 28 28
20 20 20 20 18 18 18 18 18 18 18 18 17 17 17 17 17 25 25 25 25 25 26 26 26 26 26 26 26 26 28 28 28 28
20 20 20 20 18 18 18 18 18 18 18 18 17 17 17 17 17 25 25 25 25 25 26 26 26 26 26 26 26 26 28 28 28 28
20 20 20 20 18 18 18 18 18 18 18 18 17 17 17 17 17 25 25 25 25 25 26 26 26 26 26 26 26 26 28 28 28 28
12 12 12 12 10 10 10 10 10 10 10 10  9  9  9  9  9  1  1  1  1  1  2  2  2  2  2  2  2  2  4  4  4  4
12 12 12 12 10 10 10 10 10 10 10 10  9  9  9  9  9  1  1  1  1  1  2  2  2  2  2  2  2  2  4  4  4  4
12 12 12 12 10 10 10 10 10 10 10 10  9  9  9  9  9  1  1  1  1  1  2  2  2  2  2  2  2  2  4  4  4  4
12 12 12 12 12 10 10 10 10 10 10  9  9  9  9  9  9  1  1  1  1  1  1  2  2  2  2  2  2  4  4  4  4  4
12 12 12 12 12 14 14 14 14 14 14  9  9  9  9  9  9  1  1  1  1  1  1  6  6  6  6  6  6  4  4  4  4  4
12 12 12 12 14 14 14 14 14 14 14  9  9  9 11 11 11  3  3  3  1  1  1  6  6  6  6  6  6  6  4  4  4  4
12 12 12 12 14 14 14 14 14 14 15 15 15 11 11 11 11  3  3  3  3  7  7  7  6  6  6  6  6  6  4  4  4  4
 0  0 16 14 14 14 14 14 14 14 15 15 15 11 11 11 11  3  3  3  3  7  7  7  6  6  6  6  6  6  6  8  0  0
 0  0 16 16 14 14 14 14 15 15 15 15 15 11 11 11 11  3  3  3  3  7  7  7  7  7  6  6  6  6  8  8  0  0
 0  0 16 16 16 16 16 16 15 15 15 15 15 11 11 11 11  3  3  3  3  7  7  7  7  7  8  8  8  8  8  8  0  0
 0  0 16 16 16 16 16 16 15 15 15 15 15 11 11 11 11  3  3  3  3  7  7  7  7  7  8  8  8  8  8  8  0  0
 0  0  0  0 16 16 16 16 15 15 15 15 15 11 11 11 11  3  3  3  3  7  7  7  7  7  8  8  8  8  0  0  0  0
 0  0  0  0 16 16 16 16 15 15 15 15 13 13 11 11 11  3  3  3  5  5  7  7  7  7  8  8  8  8  0  0  0  0
 0  0  0  0  0  0 16 16 16 16 13 13 13 13 13 13 13  5  5  5  5  5  5  5  8  8  8  8  0  0  0  0  0  0
 0  0  0  0  0  0 16 16 16 16 13 13 13 13 13 13 13  5  5  5  5  5  5  5  8  8  8  8  0  0  0  0  0  0
 0  0  0  0  0  0  0  0  0  0 13 13 13 13 13 13 13  5  5  5  5  5  5  5  0  0  0  0  0  0  0  0  0  0
 0  0  0  0  0  0  0  0  0  0 13 13 13 13 13 13 13  5  5  5  5  5  5  5  0  0  0  0  0  0  0  0  0  0
