num_space 216
par_map
1  1  1  1  1  1  1  1  2  2  2  2  2  2  2  2  2
1  1  1  1  1  1  1  1  2  2  2  2  2  2  2  2  2
1  1  1  1  1  1  1  1  2  2  2  2  2  2  2  2  2
1  1  1  1  1  1  1  1  2  2  2  2  2  2  2  2  2
1  1  1  1  1  1  1  1  2  2  2  2  2  2  2  2  2
1  1  1  1  1  1  1  1  2  2  2  2  2  2  2  2  2
1  1  1  1  1  1  4  4  4  4  4  2  2  2  2  2  2
1  1  1  1  1  1  4  4  4  4  4  4  4  4  4  0  0
3  3  3  3  3  3  4  4  4  4  4  4  4  4  4  0  0
3  3  3  3  3  3  4  4  4  4  4  4  4  4  4  0  0
3  3  3  3  3  3  4  4  4  4  4  4  4  4  4  0  0
3  3  3  3  3  3  3  4  4  4  4  4  4  0  0  0  0
3  3  3  3  3  3  3  4  4  4  4  4  4  0  0  0  0
3  3  3  3  3  3  3  4  4  4  4  0  0  0  0  0  0
3  3  3  3  3  3  3  4  4  4  4  0  0  0  0  0  0
3  3  3  3  3  3  3  0  0  0  0  0  0  0  0  0  0
3  3  3  3  3  3  3  0  0  0  0  0  0  0  0  0  0
