par_method  EXPLICITRADIAL
par_map
  1  1  1  1  1  2  2  2  2  2  2  2  2  4  4  4  4
  1  1  1  1  1  2  2  2  2  2  2  2  2  4  4  4  4
  1  1  1  1  1  2  2  2  2  2  2  2  2  4  4  4  4
  1  1  1  1  1  1  2  2  2  2  2  2  4  4  4  4  4
  1  1  1  1  1  1  6  6  6  6  6  6  4  4  4  4  4
  3  3  3  1  1  1  6  6  6  6  6  6  6  4  4  4  4
  3  3  3  3  7  7  7  6  6  6  6  6  6  4  4  4  4
  3  3  3  3  7  7  7  6  6  6  6  6  6  6  8  0  0
  3  3  3  3  7  7  7  7  7  6  6  6  6  8  8  0  0
  3  3  3  3  7  7  7  7  7  8  8  8  8  8  8  0  0
  3  3  3  3  7  7  7  7  7  8  8  8  8  8  8  0  0
  3  3  3  3  7  7  7  7  7  8  8  8  8  0  0  0  0
  3  3  3  5  5  7  7  7  7  8  8  8  8  0  0  0  0
  5  5  5  5  5  5  5  8  8  8  8  0  0  0  0  0  0
  5  5  5  5  5  5  5  8  8  8  8  0  0  0  0  0  0
  5  5  5  5  5  5  5  0  0  0  0  0  0  0  0  0  0
  5  5  5  5  5  5  5  0  0  0  0  0  0  0  0  0  0
