par_method  EXPLICITRADIAL
par_map
  1  1  1  1  2  2  2  2  2  2  3  3  3  3  3
  1  1  1  1  2  2  2  2  2  2  3  3  3  3  3
  1  1  1  1  2  2  2  2  2  2  3  3  3  3  3
  1  1  1  1  2  2  2  2  7  7  7  3  3  3  3
  1  1  1  1  6  6  6  6  7  7  7  3  3  3  3
  1  1  4  4  6  6  6  6  6  7  7  7  7  0  0
  4  4  4  4  6  6  6  6  6  7  7  7  7  0  0
  4  4  4  4  6  6  6  6  6  7  7  7  7  0  0
  4  4  4  4  6  6  6  8  8  7  7  7  7  0  0
  4  4  4  4  4  8  8  8  8  8  8  0  0  0  0
  5  5  4  4  4  8  8  8  8  8  8  0  0  0  0
  5  5  5  5  5  8  8  8  8  0  0  0  0  0  0
  5  5  5  5  5  8  8  8  8  0  0  0  0  0  0
  5  5  5  5  5  0  0  0  0  0  0  0  0  0  0
  5  5  5  5  5  0  0  0  0  0  0  0  0  0  0
