par_method  EXPLICITRADIAL
par_map  
 0  0  0  0  0  0  0  0  0  0 29 29 29 29 29  1  1  1  1  1  0  0  0  0  0  0  0  0  0  0
 0  0  0  0  0  0  0  0  0  0 29 29 29 29 29  1  1  1  1  1  0  0  0  0  0  0  0  0  0  0
 0  0  0  0  0  0 32 32 32 32 29 29 29 29 29  1  1  1  1  1  6  6  6  6  0  0  0  0  0  0
 0  0  0  0  0  0 32 32 32 32 29 29 29 29 29  1  1  1  1  1  6  6  6  6  0  0  0  0  0  0
 0  0  0  0 32 32 32 32 32 32 28 28 28 29 29  1  1  1  6  6  6  6  6  6  8  8  0  0  0  0
 0  0  0  0 32 32 32 32 32 32 28 28 28 28 28  2  2  2  6  6  6  6  6  6  8  8  0  0  0  0
 0  0 30 30 30 30 32 32 31 31 31 28 28 28 28  2  2  2  6  6  7  7  7  8  8  8  8  8  0  0
 0  0 30 30 30 30 31 31 31 31 31 28 28 28 28  2  2  2  2  7  7  7  7  8  8  8  8  8  0  0
 0  0 30 30 30 30 31 31 31 31 31 28 28 28 28  2  2  2  2  7  7  7  7  7  8  8  8  8  0  0
 0  0 30 30 30 30 31 31 31 31 31 28 28 27 27  2  2  2  2  7  7  7  7  7  8  8  8  8  0  0
25 25 25 25 30 30 30 31 31 31 31 27 27 27 27  2  2  2  2  7  7  7  7  7  4  4  5  5  5  5
25 25 25 25 30 30 30 26 26 26 26 27 27 27 27  3  3  3  3  3  4  4  4  4  4  4  5  5  5  5
25 25 25 25 25 26 26 26 26 26 26 27 27 27 27  3  3  3  3  3  4  4  4  4  4  4  5  5  5  5
25 25 25 25 25 26 26 26 26 26 26 27 27 27 27  3  3  3  3  3  3  4  4  4  4  5  5  5  5  5
25 25 25 25 25 26 26 26 26 26 26 27 27 27 27  3  3  3  3  3  3  4  4  4  4  5  5  5  5  5
21 21 21 21 21 20 20 20 20 19 19 19 19 19 19 11 11 11 11 10 10 10 10 10 10  9  9  9  9  9
21 21 21 21 21 20 20 20 20 19 19 19 19 19 19 11 11 11 11 10 10 10 10 10 10  9  9  9  9  9
21 21 21 21 20 20 20 20 20 20 19 19 19 19 19 11 11 11 11 10 10 10 10 10 10  9  9  9  9  9
21 21 21 21 20 20 20 20 20 20 19 19 19 19 19 11 11 11 11 10 10 10 10 14 14 14  9  9  9  9
21 21 21 21 20 20 23 23 23 23 23 18 18 18 18 11 11 11 11 15 15 15 15 14 14 14  9  9  9  9
 0  0 24 24 24 24 23 23 23 23 23 18 18 18 18 11 11 12 12 15 15 15 15 15 14 14 14 14  0  0
 0  0 24 24 24 24 23 23 23 23 23 18 18 18 18 12 12 12 12 15 15 15 15 15 14 14 14 14  0  0
 0  0 24 24 24 24 24 23 23 23 23 18 18 18 18 12 12 12 12 15 15 15 15 15 14 14 14 14  0  0
 0  0 24 24 24 24 24 23 23 23 22 22 18 18 18 12 12 12 12 15 15 15 16 16 14 14 14 14  0  0
 0  0  0  0 24 24 22 22 22 22 22 22 18 18 18 12 12 12 12 12 16 16 16 16 16 16  0  0  0  0
 0  0  0  0 24 24 22 22 22 22 22 22 17 17 17 13 13 12 12 12 16 16 16 16 16 16  0  0  0  0
 0  0  0  0  0  0 22 22 22 22 17 17 17 17 17 13 13 13 13 13 16 16 16 16  0  0  0  0  0  0
 0  0  0  0  0  0 22 22 22 22 17 17 17 17 17 13 13 13 13 13 16 16 16 16  0  0  0  0  0  0
 0  0  0  0  0  0  0  0  0  0 17 17 17 17 17 13 13 13 13 13  0  0  0  0  0  0  0  0  0  0
 0  0  0  0  0  0  0  0  0  0 17 17 17 17 17 13 13 13 13 13  0  0  0  0  0  0  0  0  0  0
