  par_method      EXPLICITRADIAL
  par_map
    1  1  1  1  2  2  2  2  2  2  2  4  4  4  4  4  4 ! 16 radial partitions
    1  1  1  1  2  2  2  2  2  2  2  4  4  4  4  4  4
    1  1  1  6  6  6  6  6  8  8  8  8  8  4  4 14 14
    1  1  7  7  6  6  6  6  8  8  8  8  8 14 14 14 14
    3  3  7  7  6  6  6  6  6  8  8  8  8 14 14 14 14
    3  3  7  7  7 10 10 10 10 12 12 12 12 14 14  0  0
    3  3  7  7  7 10 10 10 10 12 12 12 12 14 14  0  0
    3  3  7  7  7 10 10 10 10 12 12 15 15 15 15  0  0
    3  3  9  9  7 10 10 11 11 12 12 15 15 15 15  0  0
    3  3  9  9  9 11 11 11 11 12 15 15 15  0  0  0  0
    3  3  9  9  9 11 11 11 11 16 15 15 15  0  0  0  0
    5  5  9  9  9 11 11 16 16 16 16  0  0  0  0  0  0
    5  5  9  9  9 11 11 16 16 16 16  0  0  0  0  0  0
    5  5  5 13 13 13 13 16 16  0  0  0  0  0  0  0  0
    5  5  5 13 13 13 13 16 16  0  0  0  0  0  0  0  0
    5  5 13 13 13  0  0  0  0  0  0  0  0  0  0  0  0
    5  5 13 13 13  0  0  0  0  0  0  0  0  0  0  0  0

