  par_method      EXPLICITRADIAL
  par_map
    1  1  1  1  1  1  3  3  3  3  3  3  5  5  5  5  5 ! 8 radial partitions
    1  1  1  1  1  1  3  3  3  3  3  3  5  5  5  5  5
    1  1  1  1  1  1  3  3  3  3  3  3  5  5  5  5  5
    1  1  1  1  6  6  6  6  3  3  3  3  5  5  5  5  5
    1  1  1  6  6  6  6  6  6  3  3  3  5  5  5  5  5
    1  1  1  6  6  6  6  6  6  3  3  3  5  5  5  0  0
    2  2  2  6  6  6  6  6  7  7  7  7  7  7  7  0  0
    2  2  2  6  6  6  6  7  7  7  7  7  7  7  7  0  0
    2  2  2  2  6  6  8  8  8  7  7  7  7  7  7  0  0
    2  2  2  2  2  2  8  8  8  7  7  7  7  0  0  0  0
    2  2  2  2  2  2  8  8  8  8  8  7  7  0  0  0  0
    2  2  2  2  2  2  8  8  8  8  8  0  0  0  0  0  0
    4  4  4  4  4  4  8  8  8  8  8  0  0  0  0  0  0
    4  4  4  4  4  4  8  8  8  0  0  0  0  0  0  0  0
    4  4  4  4  4  4  8  8  8  0  0  0  0  0  0  0  0
    4  4  4  4  4  0  0  0  0  0  0  0  0  0  0  0  0
    4  4  4  4  4  0  0  0  0  0  0  0  0  0  0  0  0
