par_method  EXPLICITRADIAL
par_map
  1  1  1  1  1  1  2  2  2  2  2  2  2  2  2  2  2
  1  1  1  1  1  1  2  2  2  2  2  2  2  2  2  2  2
  1  1  1  1  1  1  2  2  2  2  2  2  2  2  2  2  5
  1  1  1  1  1  1  4  4  4  4  5  5  5  5  5  5  5
  1  1  1  1  4  4  4  4  4  5  5  5  5  5  5  5  5
  1  1  1  1  4  4  4  4  4  5  5  5  5  5  5  5  5
  3  3  3  4  4  4  4  4  4  5  5  5  5  5  5  5  5
  3  3  3  4  4  4  4  4  4  8  8  8  8  8  8  8  8
  3  3  3  4  4  4  4  4  7  8  8  8  8  8  8  8  8
  3  3  3  4  6  6  6  7  7  8  8  8  8  8  8  0  0
  3  3  3  6  6  6  6  7  7  7  8  8  8  8  8  0  0
  3  3  3  6  6  6  6  7  7  7  7  7  8  8  8  0  0
  3  3  3  6  6  6  6  7  7  7  7  7  7  8  8  0  0
  3  3  3  6  6  6  6  7  7  7  7  7  7  0  0  0  0
  3  3  3  6  6  6  6  7  7  7  7  7  7  0  0  0  0
  3  3  3  6  6  6  6  7  7  0  0  0  0  0  0  0  0
  3  3  6  6  6  6  6  7  7  0  0  0  0  0  0  0  0
