par_method  EXPLICITRADIAL
par_map
  0  0  0  0  0  0  0  0  1  1  1  1  2  2  2  2  2  3  3  3  3  3  4  4  4  4  0  0  0  0  0  0  0  0
  0  0  0  0  0  0  0  0  1  1  1  1  2  2  2  2  2  3  3  3  3  3  4  4  4  4  0  0  0  0  0  0  0  0
  0  0  0  0  1  1  1  1  1  1  1  2  2  2  2  2  2  3  3  3  3  3  3  4  4  4  4  4  4  4  0  0  0  0
  0  0  0  0  1  1  1  1  1  1  1  2  2  2  2  2  2  3  3  3  3  3  3  4  4  4  4  4  4  4  0  0  0  0
  0  0  5  5  6  6  6  6  6  6  7  7  7  7  7  8  8  8  8  8  9  9  9  9  9 10 10 10 10 10 11 11  0  0
  0  0  5  5  6  6  6  6  6  6  7  7  7  7  7  8  8  8  8  8  9  9  9  9  9 10 10 10 10 10 11 11  0  0
  0  0  5  5  6  6  6  6  6  7  7  7  7  7  7  8  8  8  8  8  9  9  9  9  9 10 10 10 10 10 11 11  0  0
  0  0  5  5  6  6  6  6  6  7  7  7  7  7  8  8  8  8  8  8  9  9  9  9  9  9 10 10 10 10 11 11  0  0
  5  5  5  5 12 12 12 12 12 12 13 13 13 13 13 14 14 14 14 14 15 15 15 15 15 16 16 16 10 10 11 11 11 11
  5  5  5  5 12 12 12 12 12 13 13 13 13 13 13 14 14 14 14 14 15 15 15 15 15 16 16 16 16 16 11 11 11 11
  5  5  5  5 12 12 12 12 12 13 13 13 13 13 14 14 14 14 14 14 15 15 15 15 15 16 16 16 16 16 11 11 11 11
  5  5 17 17 12 12 12 12 12 13 13 13 13 13 14 14 14 14 14 15 15 15 15 15 15 16 16 16 16 16 24 24 11 11
 17 17 17 17 18 18 18 18 18 19 19 19 19 20 20 20 20 21 21 21 21 22 22 22 22 23 23 16 16 16 24 24 24 24
 17 17 17 17 18 18 18 18 19 19 19 19 19 20 20 20 20 21 21 21 21 22 22 22 22 23 23 23 23 23 24 24 24 24
 17 17 17 17 18 18 18 18 19 19 19 19 20 20 20 20 20 21 21 21 21 22 22 22 22 23 23 23 23 23 24 24 24 24
 17 17 17 17 18 18 18 18 19 19 19 19 20 20 20 20 21 21 21 21 21 22 22 22 22 23 23 23 23 23 24 24 24 24
 17 17 17 17 18 18 18 18 19 19 19 19 20 20 20 20 21 21 21 21 22 22 22 22 22 23 23 23 23 23 24 24 24 24
 25 25 25 25 26 26 26 26 27 27 27 27 28 28 28 28 29 29 29 29 30 30 30 30 30 31 31 31 31 31 32 32 32 32
 25 25 25 25 26 26 26 26 27 27 27 27 28 28 28 28 29 29 29 29 29 30 30 30 30 31 31 31 31 31 32 32 32 32
 25 25 25 25 26 26 26 26 27 27 27 27 28 28 28 28 28 29 29 29 29 30 30 30 30 31 31 31 31 31 32 32 32 32
 25 25 25 25 26 26 26 26 27 27 27 27 27 28 28 28 28 29 29 29 29 30 30 30 30 31 31 31 31 31 32 32 32 32
 25 25 25 25 26 26 26 26 26 27 27 27 27 28 28 28 28 29 29 29 29 30 30 30 30 31 31 38 38 38 32 32 32 32
 33 33 25 25 34 34 34 34 34 35 35 35 35 35 36 36 36 36 36 37 37 37 37 37 37 38 38 38 38 38 32 32 39 39
 33 33 33 33 34 34 34 34 34 35 35 35 35 35 36 36 36 36 36 36 37 37 37 37 37 38 38 38 38 38 39 39 39 39
 33 33 33 33 34 34 34 34 34 35 35 35 35 35 35 36 36 36 36 36 37 37 37 37 37 38 38 38 38 38 39 39 39 39
 33 33 33 33 34 34 34 34 34 34 35 35 35 35 35 36 36 36 36 36 37 37 37 37 37 38 38 38 44 44 39 39 39 39
  0  0 33 33 40 40 40 40 40 41 41 41 41 41 42 42 42 42 42 42 43 43 43 43 43 43 44 44 44 44 39 39  0  0
  0  0 33 33 40 40 40 40 40 41 41 41 41 41 41 42 42 42 42 42 43 43 43 43 43 44 44 44 44 44 39 39  0  0
  0  0 33 33 40 40 40 40 40 40 41 41 41 41 41 42 42 42 42 42 43 43 43 43 43 44 44 44 44 44 39 39  0  0
  0  0 33 33 40 40 40 40 40 40 41 41 41 41 41 42 42 42 42 42 43 43 43 43 43 44 44 44 44 44 39 39  0  0
  0  0  0  0 45 45 45 45 45 45 45 46 46 46 46 46 46 47 47 47 47 47 47 48 48 48 48 48 48 48  0  0  0  0
  0  0  0  0 45 45 45 45 45 45 45 46 46 46 46 46 46 47 47 47 47 47 47 48 48 48 48 48 48 48  0  0  0  0
  0  0  0  0  0  0  0  0 45 45 45 45 46 46 46 46 46 47 47 47 47 47 48 48 48 48  0  0  0  0  0  0  0  0
  0  0  0  0  0  0  0  0 45 45 45 45 46 46 46 46 46 47 47 47 47 47 48 48 48 48  0  0  0  0  0  0  0  0
