par_method  EXPLICITRADIAL
par_map
   0  0  0  0  0  0  0  0  1  1  2  2  2  2  3  3  3  4  4  4  5  5  5  5  6  6  0  0  0  0  0  0  0  0
   0  0  0  0  0  0  0  0  1  1  2  2  2  2  3  3  3  4  4  4  5  5  5  5  6  6  0  0  0  0  0  0  0  0
   0  0  0  0  1  1  1  1  1  1  2  2  2  2  3  3  3  4  4  4  5  5  5  5  6  6  6  6  6  6  0  0  0  0
   0  0  0  0  1  1  1  1  1  1  2  2  2  2  3  3  3  4  4  4  5  5  5  5  6  6  6  6  6  6  0  0  0  0
   0  0 14 14 14 14 13 13 13 13 12 12 12 11  3  3  3  4  4  4  9  9  9  9  8  8  8  8  7  7  7  7  0  0
   0  0 14 14 14 14 13 13 13 13 12 12 12 11 11 11  3  4 10 10 10  9  9  9  8  8  8  8  7  7  7  7  0  0
   0  0 14 14 14 14 13 13 13 13 12 12 12 11 11 11 11 10 10 10 10  9  9  9  8  8  8  8  7  7  7  7  0  0
   0  0 14 14 14 14 13 13 13 13 12 12 12 11 11 11 11 10 10 10 10  9  9  9  8  8  8  8  7  7  7  7  0  0
  15 15 15 15 15 15 16 16 16 16 12 12 11 11 11 11 11 10 10 10 10  9  9  9 19 19 19 19 20 20 20 20 20 20
  15 15 15 15 15 16 16 16 16 16 16 17 17 17 17 17 11 10 18 18 18 18 18 19 19 19 19 19 19 20 20 20 20 20
  15 15 15 15 15 16 16 16 16 16 16 17 17 17 17 17 17 18 18 18 18 18 18 19 19 19 19 19 19 20 20 20 20 20
  28 28 28 28 27 27 27 27 26 26 26 17 17 17 17 17 18 18 18 18 18 23 23 23 23 23 22 22 22 22 21 21 21 21
  28 28 28 28 27 27 27 27 26 26 26 26 26 25 25 25 25 25 24 24 24 23 23 23 23 23 22 22 22 22 21 21 21 21
  28 28 28 28 27 27 27 27 26 26 26 26 25 25 25 25 25 24 24 24 24 24 24 23 23 23 22 22 22 22 21 21 21 21
  28 28 28 28 27 27 27 27 26 26 26 26 25 25 25 25 25 24 24 24 24 24 24 23 23 23 22 22 22 22 21 21 21 21
  29 29 29 29 30 30 30 30 30 31 31 31 32 32 32 32 25 24 33 33 33 33 34 34 34 34 35 35 35 35 36 36 36 36
  29 29 29 29 30 30 30 30 31 31 31 31 32 32 32 32 32 33 33 33 33 33 34 34 34 34 35 35 35 35 36 36 36 36
  29 29 29 29 30 30 30 30 31 31 31 31 32 32 32 32 32 33 33 33 33 34 34 34 34 34 35 35 35 35 36 36 36 36
  29 29 29 29 30 30 30 30 31 31 31 31 31 32 32 32 41 40 33 33 33 34 34 34 34 35 35 35 35 35 36 36 36 36
  44 44 44 44 43 43 43 43 42 42 42 42 42 41 41 41 41 40 40 40 40 40 39 39 39 39 38 38 38 38 37 37 37 37
  44 44 44 44 43 43 43 43 42 42 42 42 41 41 41 41 41 40 40 40 40 40 39 39 39 39 38 38 38 38 37 37 37 37
  44 44 44 44 43 43 43 43 42 42 42 42 41 41 41 41 41 41 40 40 40 40 39 39 39 39 38 38 38 38 37 37 37 37
  44 44 44 44 43 43 43 43 42 42 42 47 47 47 47 47 48 48 48 48 48 40 39 39 39 39 38 38 38 38 37 37 37 37
  45 45 45 45 45 45 46 46 46 46 46 47 47 47 47 47 47 48 48 48 48 48 48 49 49 49 49 49 49 50 50 50 50 50
  45 45 45 45 45 46 46 46 46 46 46 47 47 47 47 47 55 54 48 48 48 48 48 49 49 49 49 49 49 50 50 50 50 50
  45 45 45 45 45 46 46 46 46 46 56 56 56 56 55 55 55 54 54 54 54 53 53 53 49 49 49 49 50 50 50 50 50 50
   0  0 58 58 58 58 57 57 57 57 56 56 56 55 55 55 55 54 54 54 54 53 53 53 52 52 52 52 51 51 51 51  0  0
   0  0 58 58 58 58 57 57 57 57 56 56 56 55 55 55 55 54 54 54 54 53 53 53 52 52 52 52 51 51 51 51  0  0
   0  0 58 58 58 58 57 57 57 57 56 56 56 55 55 55 61 62 54 54 54 53 53 53 52 52 52 52 51 51 51 51  0  0
   0  0 58 58 58 58 57 57 57 57 56 56 56 55 61 61 61 62 62 62 53 53 53 53 52 52 52 52 51 51 51 51  0  0
   0  0  0  0 59 59 59 59 59 59 60 60 60 60 61 61 61 62 62 62 63 63 63 63 64 64 64 64 64 64  0  0  0  0
   0  0  0  0 59 59 59 59 59 59 60 60 60 60 61 61 61 62 62 62 63 63 63 63 64 64 64 64 64 64  0  0  0  0
   0  0  0  0  0  0  0  0 59 59 60 60 60 60 61 61 61 62 62 62 63 63 63 63 64 64  0  0  0  0  0  0  0  0
   0  0  0  0  0  0  0  0 59 59 60 60 60 60 61 61 61 62 62 62 63 63 63 63 64 64  0  0  0  0  0  0  0  0
