par_method  EXPLICITRADIAL
par_map
   1  1  1  2  2  2  2  3  3  3  3  4  4  4  4  5  5
   1  1  1  2  2  2  2  3  3  3  3  4  4  4  4  5  5
   1  1  1 16 16 20 20 20 20 21 21 21 22 22 22  5  5
   9  9 16 16 16 20 20 20 20 21 21 21 22 22 22  5  5
   9  9 16 16 16 17 17 19 19 21 21 23 23 22 22  6  6
   9  9 24 24 17 17 17 19 19 19 19 23 23 23  6  6  6
   9  9 24 24 17 17 17 18 18 19 19 23 23 23  6  6  6
  10 10 24 24 28 28 18 18 18 29 29 30 30  7  7  7  7
  10 10 24 24 28 28 18 18 18 29 29 30 30  7  7  7  7
  10 10 25 25 25 28 28 31 31 29 29 30 30  8  8  0  0
  10 10 25 25 25 28 28 31 31 29 29 30 30  8  8  0  0
  11 11 25 25 27 27 27 31 31 32 32 32 32  8  8  0  0
  11 11 26 26 27 27 27 31 31 32 32 32 32  8  8  0  0
  11 11 26 26 26 27 27 14 14 15 15 15 15  0  0  0  0
  11 11 26 26 26 13 13 14 14 15 15 15 15  0  0  0  0
  12 12 12 12 13 13 13 14 14  0  0  0  0  0  0  0  0
  12 12 12 12 13 13 13 14 14  0  0  0  0  0  0  0  0
