par_method  EXPLICITRADIAL
par_map
   1   1   1   1   2   2   2   2   4   4   4   4   7   7   7   7   7
   1   1   1   1   2   2   2   2   4   4   4   4   7   7   7   7   7
   1   1   1   1   2   2   2   2   4   4   4   4   7   7   7   7   7
   1   1   1   1   2   2   2   2   4   4   4   4  11  11  11  11   7
   3   3   3   3   5   5   5   5   8   8   8   8  11  11  11  11  11
   3   3   3   3   5   5   5   5   8   8   8   8  11  11  11  11  11
   3   3   3   3   5   5   5   5   8   8   8   8  12  12  12  11  11
   3   3   3   3   5   5   5   5   8   8   8   8  12  12  12  12  12
   6   6   6   6   9   9   9   9  13  13  13  13  12  12  12  12  12
   6   6   6   6   9   9   9   9  13  13  13  13  12  12  12   0   0
   6   6   6   6   9   9   9   9  13  13  13  13  16  16  16   0   0
   6   6   6   6   9   9   9   9  13  13  13  13  16  16  16   0   0
  10  10  10  14  14  14  15  15  15  15  16  16  16  16  16   0   0
  10  10  10  14  14  14  15  15  15  15  16  16  16   0   0   0   0
  10  10  10  14  14  14  15  15  15  15  16  16  16   0   0   0   0
  10  10  10  14  14  14  14  15  15   0   0   0   0   0   0   0   0
  10  10  10  10  14  14  14  15  15   0   0   0   0   0   0   0   0

