par_method  EXPLICITRADIAL
par_map
   0  0  0  0  0  0  0  0  1  1  1  1  1  1  2  2  2  2  2  2  3  3  3  3  3  3  0  0  0  0  0  0  0  0
   0  0  0  0  0  0  0  0  1  1  1  1  1  1  2  2  2  2  2  2  3  3  3  3  3  3  0  0  0  0  0  0  0  0
   0  0  0  0  1  1  1  1  1  1  1  1  1  1  2  2  2  2  2  2  3  3  3  3  3  3  3  3  3  3  0  0  0  0
   0  0  0  0  1  1  1  1  1  1  1  1  1  1  2  2  2  2  2  2  3  3  3  3  3  3  3  3  3  3  0  0  0  0
   0  0  7  7  7  7  7  7  7  7  6  6  6  6  2  2  2  2  2  2  5  5  5  5  4  4  4  4  4  4  4  4  0  0
   0  0  7  7  7  7  7  7  7  7  6  6  6  6  6  6  2  2  5  5  5  5  5  5  4  4  4  4  4  4  4  4  0  0
   0  0  7  7  7  7  7  7  7  7  6  6  6  6  6  6  6  5  5  5  5  5  5  5  4  4  4  4  4  4  4  4  0  0
   0  0  7  7  7  7  7  7  7  7  6  6  6  6  6  6  6  5  5  5  5  5  5  5  4  4  4  4  4  4  4  4  0  0
   8  8  8  8  8  8  8  8  8  8  6  6  6  6  6  6  6  5  5  5  5  5  5  5 10 10 10 10 10 10 10 10 10 10
   8  8  8  8  8  8  8  8  8  8  8  6  9  9  9  9  9  9  9  9  9  9  5 10 10 10 10 10 10 10 10 10 10 10
   8  8  8  8  8  8  8  8  8  8  8  9  9  9  9  9  9  9  9  9  9  9  9 10 10 10 10 10 10 10 10 10 10 10
  14 14 14 14 14 14 14 14 13 13 13  9  9  9  9  9  9  9  9  9  9 12 12 12 12 12 11 11 11 11 11 11 11 11
  14 14 14 14 14 14 14 14 13 13 13 13 13 13 13 13 13 13 12 12 12 12 12 12 12 12 11 11 11 11 11 11 11 11
  14 14 14 14 14 14 14 14 13 13 13 13 13 13 13 13 13 12 12 12 12 12 12 12 12 12 11 11 11 11 11 11 11 11
  14 14 14 14 14 14 14 14 13 13 13 13 13 13 13 13 13 12 12 12 12 12 12 12 12 12 11 11 11 11 11 11 11 11
  15 15 15 15 15 15 15 15 15 16 16 16 16 16 16 16 13 12 17 17 17 17 17 17 17 17 18 18 18 18 18 18 18 18
  15 15 15 15 15 15 15 15 16 16 16 16 16 16 16 16 16 17 17 17 17 17 17 17 17 17 18 18 18 18 18 18 18 18
  15 15 15 15 15 15 15 15 16 16 16 16 16 16 16 16 16 17 17 17 17 17 17 17 17 17 18 18 18 18 18 18 18 18
  15 15 15 15 15 15 15 15 16 16 16 16 16 16 16 16 21 20 17 17 17 17 17 17 17 18 18 18 18 18 18 18 18 18
  22 22 22 22 22 22 22 22 21 21 21 21 21 21 21 21 21 20 20 20 20 20 20 20 20 20 19 19 19 19 19 19 19 19
  22 22 22 22 22 22 22 22 21 21 21 21 21 21 21 21 21 20 20 20 20 20 20 20 20 20 19 19 19 19 19 19 19 19
  22 22 22 22 22 22 22 22 21 21 21 21 21 21 21 21 21 21 20 20 20 20 20 20 20 20 19 19 19 19 19 19 19 19
  22 22 22 22 22 22 22 22 21 21 21 24 24 24 24 24 24 24 24 24 24 20 20 20 20 20 19 19 19 19 19 19 19 19
  23 23 23 23 23 23 23 23 23 23 23 24 24 24 24 24 24 24 24 24 24 24 24 25 25 25 25 25 25 25 25 25 25 25
  23 23 23 23 23 23 23 23 23 23 23 28 24 24 24 24 24 24 24 24 24 24 27 25 25 25 25 25 25 25 25 25 25 25
  23 23 23 23 23 23 23 23 23 23 28 28 28 28 28 28 28 27 27 27 27 27 27 27 25 25 25 25 25 25 25 25 25 25
   0  0 29 29 29 29 29 29 29 29 28 28 28 28 28 28 28 27 27 27 27 27 27 27 26 26 26 26 26 26 26 26  0  0
   0  0 29 29 29 29 29 29 29 29 28 28 28 28 28 28 28 27 27 27 27 27 27 27 26 26 26 26 26 26 26 26  0  0
   0  0 29 29 29 29 29 29 29 29 28 28 28 28 28 28 31 31 27 27 27 27 27 27 26 26 26 26 26 26 26 26  0  0
   0  0 29 29 29 29 29 29 29 29 28 28 28 28 31 31 31 31 31 31 27 27 27 27 26 26 26 26 26 26 26 26  0  0
   0  0  0  0 30 30 30 30 30 30 30 30 30 30 31 31 31 31 31 31 32 32 32 32 32 32 32 32 32 32  0  0  0  0
   0  0  0  0 30 30 30 30 30 30 30 30 30 30 31 31 31 31 31 31 32 32 32 32 32 32 32 32 32 32  0  0  0  0
   0  0  0  0  0  0  0  0 30 30 30 30 30 30 31 31 31 31 31 31 32 32 32 32 32 32  0  0  0  0  0  0  0  0
   0  0  0  0  0  0  0  0 30 30 30 30 30 30 31 31 31 31 31 31 32 32 32 32 32 32  0  0  0  0  0  0  0  0
